28268
10095
3236
11780
81
20815
10304
29971
24886
15395
8904
5136
5440
22806
18444
30286
22471
7353
788
3059
5911
13546
17503
8667
4358
1033
25422
6052
28608
24407
4052
31912
13851
7620
28139
12658
31055
23124
17600
10996
4719
5733
9708
12306
3595
22826
17793
17748
14246
11509
19151
21632
26892
18753
11217
17473
14138
24312
30026
21025
13020
6839
17326
13130
13580
18467
23307
29254
16510
3296
3670
18133
18770
11892
480
15995
14783
27442
7223
26300
29881
335
20574
23898
875
13120
1369
9287
1069
1738
21215
6062
21193
20648
11831
27241
604
31185
30917
2420
558
31211
2052
24652
31949
26218
26924
15244
13910
1952
1266
25205
8187
27297
6028
259
7616
28467
20406
21838
9950
20821
18838
21501
21366
8845
22753
16545
901
18335
22553
2767
19651
20667
24437
26343
12098
21844
9202
9493
22454
3093
11093
24125
23235
26594
12876
8236
358
28342
8921
27806
27988
3986
3409
9113
31440
20868
8248
1456
6444
19008
8045
22560
15423
10894
12279
15300
31967
31997
22063
12172
28459
28635
25243
19279
13842
17361
27625
30462
12492
11803
16116
24065
11822
16532
23005
11938
10784
13769
1766
19331
11495
23238
9294
20865
27318
344
774
20004
19318
14179
22541
28616
7429
10650
7735
25165
463
18611
25197
12887
8969
13129
8541
13851
12537
1762
11954
18464
16044
14088
12126
26798
11412
17231
25259
10156
20729
22328
22922
2729
26692
26786
22307
24609
1508
16032
19810
10263
22566
3873
960
10902
17767
21386
14993
24024
7959
26582
22701
29753
1946
8066
23241
12890
19376
3830
15554
12680
29335
22415
27450
8898
23628
6763
17698
6806
7402
11728
9727
13726
12874
9823
3446
24806
4334
20313
1867
26788
17845
3897
23072
4798
6799
1313
19347
7363
429
13907
12059
11197
28725
17920
4080
30358
989
16768
7235
28834
19945
929
22951
22818
8019
2357
18431
8974
14829
13249
24503
21474
15255
5381
11935
16316
876
13620
31982
20980
18745
21012
25355
21390
12702
26036
29866
5907
29808
26543
6878
660
25303
7456
22863
15954
31871
22443
22958
6577
2375
26583
27583
8647
25999
29340
12791
16032
27105
21823
16608
24885
913
30496
9733
9937
31946
9780
26585
3271
10486
12062
24557
25110
24775
22092
28359
24384
13512
3024
26038
10958
27903
19152
9029
5716
31593
3900
21968
3869
27093
1877
12290
9978
16600
20666
10093
10804
21197
2926
2212
23223
2141
10457
24238
2252
28057
13122
17407
11572
14380
22549
30126
31646
3203
12721
15906
24547
8124
13210
4480
16746
15578
31233
25705
17399
26869
22916
4178
16295
26311
16530
2160
17813
766
18248
8014
24931
11200
16052
7004
1538
1639
4607
22563
11880
2815
16247
30568
17870
796
23218
31849
21326
1442
24683
10927
28133
4758
1899
10283
11308
3180
15755
31850
27730
16438
8465
7956
31013
21347
22388
19882
21929
492
2818
11116
29494
1112
21654
26001
22261
9545
1633
172
28974
23622
30802
29351
5149
27067
30794
14813
23513
13321
27622
11768
20553
27358
14468
6535
10894
29587
905
17806
27252
18141
24656
895
18788
26324
26790
18126
7578
17837
11729
4815
22801
31597
14202
3051
13069
31954
23928
27040
27256
20879
25814
24640
25313
11051
1734
20029
25864
9603
97
30005
30023
662
19487
14504
2326
28512
1861
23599
26914
11407
10997
28621
30667
27289
9164
27611
661
13409
9014
29365
13302
13782
13127
3892
28909
30891
21755
20915
9685
28367
2457
6340
8460
13770
13493
25652
14036
14963
10751
8513
21199
22869
19603
15643
24873
7185
11585
29403
6002
11997
26939
17464
3991
4484
10838
15216
15769
31080
19668
14938
10319
24314
17349
7372
8571
16520
5182
3374
1863
17981
7273
24195
2390
31198
12090
11676
19506
15375
11783
16527
10774
19193
24990
7439
19138
18644
29413
13892
9561
18204
23589
10158
15991
15977
24363
31792
24764
12920
21108
9442
5894
25429
7541
744
28096
2149
4292
23126
12754
13187
1919
3037
25360
20094
15205
15250
8533
15290
9238
4373
20359
28887
11781
30409
9412
13871
31456
25474
12566
12441
15976
5583
3491
900
24623
26419
19572
28493
5594
16296
18421
31586
3025
11876
28308
28988
17800
11285
9651
31702
12395
14201
9172
1801
20542
21520
4574
29679
23159
11359
26581
22985
16989
30852
30178
15204
29361
20657
20005
27512
18505
4182
9599
1948
13137
11553
2792
5844
28360
27551
10111
27939
7037
19228
27778
29485
3193
11838
8302
28560
7743
21473
10629
16108
26954
12863
19018
12161
10480
29761
30513
29785
12234
20306
10304
9843
5148
4769
23238
22473
18334
1867
4386
1791
3560
682
12449
16362
5218
26108
3064
7668
3425
1078
3010
3038
16090
74
12979
15424
23001
12634
29241
4156
8238
25426
27562
27002
14560
2856
23177
26902
4088
5673
16439
11155
4503
12079
9994
27974
10485
26770
16348
8669
10776
15916
4597
18519
3513
30254
29205
5555
10689
7012
7534
28510
8933
6673
12863
21167
23862
13877
20309
30405
23650
28960
19162
3036
26561
7893
12715
4162
20212
16728
27686
13512
13410
24830
15308
30215
37
26144
27851
1432
30585
17303
3887
3654
6102
6836
7479
9435
10646
18987
8531
15463
971
2993
8788
8303
10774
12166
20718
12441
9027
26769
17950
8342
11542
3647
2572
9598
13511
13386
1923
8252
801
20163
18996
6893
490
10874
756
18223
8152
5408
19974
3693
16992
23170
29850
4406
9442
21716
21183
27008
14698
5635
21258
7048
15408
6178
7786
11922
29663
17560
22679
6445
26169
24909
3638
2471
16127
8358
29401
3735
4482
15980
28004
3395
23032
14128
12963
13481
25829
19715
10074
7715
26242
18545
7008
1707
19343
7660
18261
19447
8012
16934
20717
2096
872
10100
20700
23315
31878
3094
17463
21958
13634
13631
2701
28062
27023
31639
10292
22539
31577
16704
7974
10189
20929
16570
30755
15934
25105
7364
22750
19573
11843
23766
2123
9583
2414
321
19903
18212
15596
13464
15264
19272
695
24798
30550
9966
27022
21716
29221
14571
21568
16207
23420
29463
29323
30712
3684
839
30262
18468
2182
5974
14941
28006
13940
1736
12442
29462
24531
11610
131
7949
3792
10296
30981
25628
15431
16841
27077
8405
5438
20128
5639
20938
3646
