16873
10553
11761
4786
27736
19510
28075
6239
6960
18698
23721
26404
14678
27904
25608
15654
6588
14880
12889
24649
7223
7735
25002
19465
7433
17885
16920
15820
4331
5165
21460
12533
30280
12677
28284
11717
29413
4100
13113
21581
3097
4469
13053
9949
21213
30521
23812
8360
24757
4942
25881
4325
22637
31909
13767
17494
14866
17356
27720
26345
5260
8902
29757
15873
16525
6718
4373
5198
28021
18008
31262
338
761
7430
28183
13631
28948
2288
25055
5702
24819
30175
26699
4920
8847
11582
23408
13015
14217
11874
4891
3352
366
25955
4961
837
5117
2784
18917
30512
29468
31846
18142
23064
5986
13322
10334
5424
3174
6668
1703
16268
14022
1731
28573
3572
16653
5981
21083
10281
26909
15374
616
31143
11761
24970
15079
10522
29155
18394
26932
13115
29015
29990
26268
11952
10766
29628
27211
6276
17006
772
9026
10562
6328
24777
131
2963
15855
12983
12189
10274
20880
18623
23594
8779
4160
9854
30559
23811
1857
1822
6623
4089
14377
66
25688
23964
6994
8595
22016
21306
2752
5396
1746
23068
5580
1022
20820
9849
27883
20912
29777
7243
14125
19593
6395
31351
30252
388
31806
17608
4613
22899
29008
22660
518
19189
7143
20652
17893
9778
2215
23239
11762
19593
11651
2131
20369
4801
7512
10961
4469
26914
26969
23160
6435
15665
13658
27941
4672
6307
25961
4007
24590
3744
9265
13407
12401
13016
10897
1638
4410
5954
868
25551
23119
5937
31139
9870
19335
23254
23294
9401
23995
24304
2827
18336
10174
2587
29116
28475
26682
17720
1775
8930
27937
23445
21214
1172
250
19972
7261
5773
5199
4301
21814
7432
30694
14851
3571
12408
10267
2840
15054
4939
22538
13697
1174
6751
27717
26852
24138
16491
20382
18985
24861
10045
1072
14078
13590
28607
16357
25696
28137
26578
28270
26653
16192
11555
22799
9399
12530
25218
10854
589
17330
6359
24720
8460
4010
3035
31968
2807
23491
15707
12537
24540
19912
10141
17531
13864
8909
4953
10699
5759
10101
20649
25153
22084
12314
11553
20961
26611
6778
29174
25200
6169
889
13508
14734
22140
15104
13181
3253
3350
2169
23216
23888
20623
27892
28826
5167
11297
2636
13588
19843
24151
13771
26982
21963
5977
26943
7127
21686
18365
26695
16830
1540
15892
19918
20981
6099
13650
27148
8831
30661
13014
18319
12894
8794
17815
26499
3865
12975
6024
22668
23515
29753
5323
231
11245
1310
27084
8093
25462
18777
8415
16784
17668
23777
3688
831
12622
28871
16022
11940
4233
9541
10781
16025
23428
13750
27609
15336
8023
14624
26957
22184
24165
14152
10141
13434
24808
27468
24696
2738
18040
16760
2193
7144
23140
19949
20700
4792
9506
8960
30786
21908
25662
19046
18894
25260
18767
20584
23248
11814
24182
2550
15971
9011
12291
22665
8294
22068
30114
15522
24614
8161
29687
15110
28085
4072
12696
17602
3906
322
12853
30041
11975
6673
5068
18519
25229
11218
2233
22472
17242
25883
17751
16267
13396
14772
31879
25901
9801
19855
25225
27881
6247
7415
9768
18353
6190
16779
28501
21430
21938
21978
13633
30099
27262
26024
5365
12570
8683
2775
17770
15299
24470
22419
6105
7736
18807
25486
8981
27090
3175
6714
27019
25567
2663
1091
23477
14877
4378
7625
6615
3034
13605
9692
22167
2115
11212
24797
16377
5432
11390
18657
28254
25039
4829
15331
2117
18968
16803
29362
18
15325
31570
8660
21588
9581
26176
3541
4339
9322
26090
430
28760
19499
4378
3629
5935
446
3000
24628
21775
30799
10056
8028
2776
19504
13511
1640
13115
19129
17125
11630
30556
18201
11478
24438
23378
18129
1634
21328
6446
4856
12006
14269
11385
28443
28127
27536
29092
7572
24415
8066
4905
17091
7214
13452
24767
17615
25377
18469
6072
12969
27073
14519
21074
16383
17626
26007
2242
27314
8654
5878
31822
20232
9440
23335
8657
21770
5374
12434
19386
30566
7248
6936
11072
6061
22091
7165
26066
28449
22734
11622
15613
11753
10441
22244
20303
9023
27958
26402
7731
18385
22654
9449
27573
11360
7897
19398
8071
21719
16577
2652
29050
2967
22087
30789
15229
8022
19648
15832
5402
30219
29688
10725
5193
29526
27742
1552
16458
24775
29812
13474
27467
29779
8253
3349
11256
2728
10631
304
19731
11864
494
7379
23895
19146
1682
31718
22713
27580
11067
29962
26898
1100
1477
18712
7387
11232
23621
9097
11698
20223
30356
19689
4431
5074
30482
9658
21268
7346
10887
7377
8904
19539
11204
28455
1896
2620
4087
5622
10696
3832
18914
27487
31293
13717
6496
20632
19888
21829
31105
19476
23974
29905
11672
27422
22893
26826
22848
26945
15600
11691
2142
22774
21321
11329
7045
5022
30299
5682
24347
17023
24273
3837
24590
8236
4770
11424
2420
15626
26950
26833
18465
24820
25173
16210
25360
10887
29385
10027
14383
7672
7666
17601
11014
11120
13433
9579
12863
22938
3701
8281
21983
5302
9133
30524
23658
268
6715
14699
867
15332
12955
15315
28652
31340
17311
27433
7874
5111
5489
12434
18210
19291
2016
3248
31327
29855
2300
3884
23822
23334
9811
13133
17421
7702
9608
4683
21778
27928
3339
1061
5591
7122
4184
30168
20817
31322
23950
20038
28488
12668
716
28232
22799
25674
8390
25585
9508
9422
10187
13447
3711
29965
27002
28570
6828
23745
4467
28961
22496
4458
28625
7654
3270
25992
30151
8458
29546
27479
15520
26448
9038
12811
5641
24411
5985
14978
8285
828
12628
23572
24088
12776
4240
16610
20434
16318
20040
21005
31637
5063
10044
26800
3773
15870
1657
25272
31275
7812
4139
822
11943
27425
16013
19644
26414
50
21550
21150
5954
4955
7403
11909
7352
28797
295
7379
15820
20436
20282
28743
11360
26269
434
18008
13049
12408
25752
1075
10403
11767
1013
26644
10300
11580
3644
20263
6561
20448
21498
10727
6762
27165
22712
18445
16477
19504
30689
12122
26552
9261
29772
25251
12721
5663
24255
21930
6280
12049
13713
8650
19915
21273
27511
7686
28477
16970
1279
13047
31506
15527
27661
12748
5377
28357
20954
10556
18485
8110
17801
15576
2239
4403
19201
28580
18394
30319
18371
5119
12368
2410
29281
29617
3007
17010
18184
25381
23992
31614
30169
12926
14124
