2
100
42
33
18
21
70
54
56
9
49
89
42
66
98
87
1
59
65
100
46
64
7
14
21
72
15
33
57
35
95
87
14
71
84
58
69
77
27
97
92
93
66
60
44
90
95
26
28
92
50
85
46
87
78
49
70
78
42
70
51
100
7
92
67
4
50
54
61
46
76
92
2
67
46
4
59
64
69
16
6
61
93
91
44
19
14
75
49
95
79
13
82
59
42
27
2
70
50
6
16
36
18
15
1
33
5
32
77
89
20
90
56
22
92
41
97
24
46
59
98
6
3
17
97
35
95
83
11
13
18
49
27
12
73
16
51
4
42
33
65
58
37
21
10
8
67
95
81
74
65
73
11
40
91
61
77
19
95
21
18
99
48
89
18
83
58
92
34
76
58
33
6
56
23
92
60
90
29
58
6
39
80
46
27
63
78
58
67
99
89
88
73
27
80
15
27
24
34
69
32
41
83
26
67
44
65
49
12
82
46
76
20
46
2
38
60
76
55
80
89
69
13
8
21
95
19
6
30
59
61
32
27
8
71
16
31
58
72
99
12
2
80
48
9
50
4
54
23
31
1
2
100
4
75
96
64
24
77
94
37
7
78
40
14
92
82
68
23
39
87
10
52
2
36
80
100
14
8
19
95
15
8
41
43
86
32
91
56
7
91
67
2
58
54
47
95
8
46
80
66
62
18
67
96
38
88
14
14
97
82
97
80
67
86
84
10
51
48
21
96
79
9
8
60
4
58
21
64
61
61
4
90
56
86
21
30
63
12
89
42
19
98
79
12
38
48
81
67
36
19
17
30
94
39
71
6
90
38
72
5
35
31
65
67
39
13
4
54
48
52
91
47
26
46
78
84
27
47
92
20
68
75
32
21
31
86
71
25
33
63
67
81
48
91
25
78
78
22
94
22
72
8
34
73
14
16
32
60
28
96
35
64
100
91
77
73
52
63
67
76
88
42
20
17
3
79
48
25
93
38
72
97
75
43
75
38
76
36
55
74
73
19
24
10
4
36
68
57
57
27
82
5
55
61
53
13
32
60
42
27
20
51
51
85
21
79
70
76
86
36
98
20
14
17
77
33
6
9
74
86
86
19
27
53
32
51
17
77
29
49
70
35
62
5
84
5
17
88
15
34
90
26
68
17
36
10
93
31
92
61
17
49
34
100
79
97
60
59
18
53
83
2
66
88
95
82
29
7
56
4
55
67
47
3
58
42
5
15
45
6
9
96
19
57
50
67
80
7
70
28
76
85
93
62
70
24
89
49
2
88
97
48
18
14
69
38
51
14
59
40
69
54
39
73
6
75
9
51
9
13
91
91
44
75
50
95
9
95
98
10
89
88
91
76
88
65
81
69
54
34
72
79
1
99
9
74
97
32
6
77
64
82
38
76
88
52
50
75
27
69
6
27
32
65
41
72
17
49
36
4
32
61
55
12
38
88
5
30
20
17
30
24
28
49
66
36
58
50
16
60
6
4
54
49
85
10
16
50
14
27
58
66
44
48
96
44
65
97
66
12
79
24
42
7
73
29
15
80
14
16
86
54
96
22
1
22
58
82
83
29
66
22
27
42
23
75
60
22
46
93
13
81
66
22
16
22
90
8
25
7
36
93
11
56
34
89
51
43
78
8
14
71
28
67
28
38
38
92
96
70
61
76
38
96
9
20
93
20
32
28
87
97
85
77
86
47
96
98
25
75
41
46
59
33
79
11
2
40
100
47
99
22
43
66
26
61
71
2
18
20
85
22
3
46
79
58
74
29
83
1
61
81
25
20
45
54
18
41
48
30
3
79
74
33
86
11
54
58
56
20
70
80
30
85
94
1
9
12
50
81
8
54
77
45
49
16
77
99
91
61
18
74
99
39
56
5
63
7
12
67
85
18
2
42
95
26
69
21
12
74
6
9
44
18
42
60
43
23
26
77
22
35
37
23
28
27
100
97
80
70
15
50
47
24
56
26
91
14
45
83
68
52
2
3
24
92
76
79
53
58
6
44
52
84
37
67
60
55
43
80
65
71
65
40
71
99
38
50
93
98
22
88
52
73
88
22
65
23
35
23
38
22
66
13
60
45
20
10
24
83
15
29
6
47
96
75
67
24
98
4
5
71
76
28
83
73
52
23
27
76
1
90
78
6
84
5
76
15
1
56
86
93
82
72
44
14
14
59
10
38
100
45
75
71
12
84
1
46
28
49
91
87
99
32
27
69
42
32
64
81
69
75
6
50
80
6
41
40
96
17
4
44
79
83
79
51
19
42
70
