15601
-4477
-9214
-30204
-12869
-705
22348
9066
30614
-14538
-16210
21032
-25996
12254
-17264
-440
-31119
1870
7094
11220
-10848
20222
27627
13836
-26795
-17783
12550
-17843
20857
-27668
3570
-26792
11630
-25566
-23818
-11821
-25843
-20422
-11196
-24199
23720
-11283
23905
28646
-7671
-23781
-2717
-14231
22949
-16195
18891
8881
6258
-5441
-16768
20269
-8380
-20438
-29685
-9541
19739
17880
21474
-9157
12034
12871
-18409
-17191
-22525
-20554
7205
-28162
-12553
13409
-1609
27732
-11068
-28396
11805
31422
-23458
-15561
-24913
15306
-18635
15048
-27792
-23012
16584
-10951
-12570
-26467
-6800
30288
-128
-2497
-23942
20888
-19928
28835
18989
-29527
-28329
-379
3216
14083
20489
-559
14461
-20737
25220
-5917
-28423
15706
-18404
18831
5549
8461
2795
-936
-3302
15993
5771
5342
-17844
-8958
-15551
-10596
11393
13735
9946
-219
-13629
-21359
18431
16325
29001
5451
4365
23967
-4868
1219
-5667
7129
-30463
-28568
-19874
11716
18789
1916
-2765
4478
4045
29625
-20541
-10892
29574
8883
-15988
21569
-17955
-1758
-14877
6025
6151
12745
-12420
1153
25338
16250
-14816
18364
23120
-23892
-17460
14934
-30583
-22972
-8483
4197
-9431
-23036
-1716
18772
-22343
10863
-460
29793
28667
-31601
-26437
23804
3322
-27019
780
7461
-20385
-19667
-11356
-2005
18538
-21088
-9148
642
21817
-4831
-8754
-14929
-739
25938
-30845
-17595
-780
25300
21905
-31851
-9203
-2417
-26893
18441
28601
-12339
2588
-12681
-29531
28326
3813
31819
-13963
9017
4418
-23012
17851
-30805
24892
-2947
4688
-2286
-11675
-12394
8081
-14400
-10876
-29242
-13791
24461
27773
-19419
-14198
-13780
-18382
17777
3999
-20693
24273
29452
30564
-349
5257
-28047
27189
7986
-24243
8589
16664
-14163
22272
-27539
-16309
21908
-28467
16274
-18400
27635
-17658
-26871
28210
602
-2675
-21096
19414
6254
29570
25585
-16943
29992
2873
-16469
27227
3008
2696
13168
-15894
-2963
-6831
2105
-7681
-20665
-2852
-6033
10941
-90
20071
-17451
21453
18294
5330
10034
4314
1342
-26716
-20963
-18809
-25324
13220
13201
442
23535
11845
-23867
-5255
6642
-64
-23756
-8013
-30128
9730
-7094
3496
-9302
-6877
19872
14853
-27542
362
-1188
30963
21119
-464
2451
-14222
-374
-1579
-10085
-2869
-18651
14243
-21962
-30441
-31316
14835
-26411
6105
-13849
-26646
24837
2495
-21526
-1727
-22478
-10573
-29627
-7784
22687
-19219
-9161
-12551
-2286
24355
2171
11722
11368
-16428
-11569
-3562
-5833
27128
-7244
14048
17610
-22108
-31967
-10346
24053
5348
6867
-17072
23343
12772
-26001
-30525
7824
-25098
-24635
-18088
-10304
4270
13365
13467
9538
-10409
1216
-9309
-20816
11888
-11421
24630
21399
803
27761
-25367
22260
1373
13236
-10365
-10084
-24418
-14036
14273
-12924
9001
26092
21726
1011
-11298
16508
9487
-8425
-233
26050
30690
-27416
-15911
-15826
22823
9152
-10417
-30707
-15370
25277
-5762
17485
-24657
-28346
21442
-16088
-31382
-424
-5874
-1416
-13251
8060
-14049
-5267
-9822
-27738
-2220
-20595
26198
-3553
17398
8867
18164
-8648
1188
9422
18502
-10695
-18011
22676
-9245
9290
8474
9730
13106
-31906
-3468
12787
18005
-22524
24050
-30862
-18233
8896
10284
5663
-27521
8190
7916
21296
26748
-6511
2743
-20874
-960
-10707
-30364
-16739
-16998
-9839
19744
-26191
3446
31143
-30352
5603
-10898
-17673
-30224
-1440
23564
-14649
6353
-184
26695
-8917
-4956
26106
27028
-16610
-17739
19591
-25287
-13880
-30608
-23294
28130
-18978
12564
13142
8655
-31589
-8718
25022
28681
-1882
-23755
13056
-23470
31550
4915
-8908
-26823
26805
15286
31503
-22365
-1583
9589
-13164
8029
16111
13423
27058
-29527
-20552
-8680
19424
-26550
16043
-3896
-17561
-23724
-6523
-12663
-11699
-15683
-20429
-6658
8640
4642
-27185
-29348
-19816
-25621
-7093
-27530
19848
21373
9153
-4630
19034
1557
-24559
21828
-3795
-23271
25154
-16894
28666
-1642
21820
1697
27353
-8725
-3290
22044
-28735
-15955
4815
-3154
-21888
30044
-1261
19314
-26235
-18067
1002
-21154
-11042
-4268
17951
3174
2034
-1822
26634
-20458
18000
31656
-15826
-15822
10509
-21788
14460
-16273
-1970
8302
18368
14480
-219
22980
-20673
17548
-989
-6699
7674
23428
3301
-26339
-19005
-28634
-7138
24683
29137
9354
-14036
19498
1997
-898
22006
1533
-9976
-11758
-3553
-7450
-30195
23416
-16010
31392
23015
-22717
-7558
4000
31793
-18013
-3353
5353
6502
7076
-31470
7139
16616
-7777
-7948
-12423
16465
-13278
-21267
-29536
-3145
5959
11394
-30916
-7201
-5465
10215
24614
-19666
-3701
12383
-14168
-21739
-18976
-4837
-26920
-80
-29095
-11098
-6742
16962
-21537
13898
18984
5635
19465
12910
-4462
-28839
-12198
-31287
-21801
-8627
-28908
1368
3886
-17830
-10229
-4494
-2732
25391
-743
-24685
26452
-30765
-26518
25180
-25960
-19269
24593
27554
-6490
-28873
29840
-5875
28064
29537
-8376
12569
30420
-14044
17505
-31488
-6636
-9661
30619
11226
-25672
-13809
22367
-26926
-29146
-8837
-10343
-28137
2611
-4372
-28289
26744
-4633
855
8875
6085
-17163
16695
-2065
-31161
-10326
-756
4389
13833
-5092
-28215
-4963
18305
22808
21239
29812
-11336
-7477
20434
6430
17946
-18575
-15464
26799
26837
12587
-14468
-24317
27398
20169
5643
31879
7480
15174
-28880
-7644
-7244
-1633
-1422
-6991
14445
30830
-12736
10919
27213
18830
9486
-15768
16246
29829
-4661
-27640
-13499
23423
18955
13865
9527
-11958
-20049
11017
1189
-4068
-30707
14001
-23898
-18208
-15586
830
-17593
-12443
26044
-29422
-5409
26336
4144
26743
2257
-15650
-17227
223
2573
-9508
5483
-21994
-31498
-14492
-13780
17277
-17188
-23983
-27445
14062
-11298
4160
-25591
-29586
19859
-18870
-15199
-20565
-14226
28476
17249
17179
-21411
21691
-27876
-7456
-18447
-24231
-10336
-10355
26795
-7189
22071
18027
8052
1762
-8465
-12345
-22897
28570
-20058
8463
1312
1592
-2239
21433
13859
-2511
-6076
29796
-15634
15937
-23119
-13449
-28538
10338
27936
2627
21699
15851
31266
-26779
13587
-22323
-13901
2350
-17619
-15397
24419
-25264
-27544
12971
7546
8064
-19060
10504
29375
30584
-19802
27162
25334
29825
-27915
-9868
-8916
3544
28745
22337
3657
-18650
-21910
-8495
-15743
-3116
-30205
19331
-13573
-13217
-27859
23052
-19872
-23451
15760
-29380
22513
-14966
-26309
-17417
8474
27671
-2857
28836
-28652
-3428
-2740
21687
-3935
19831
-26407
-4138
29807
-11528
-14801
-24160
-27016
-24998
-15613
29181
24336
-3920
-1872
7074
11351
30465
-8486
8425
-11106
24893
31438
-11563
23130
11206
-19174
-13432
23316
-23693
19488
-20693
21166
-2531
-30758
10896
-24810
-13515
17088
-16363
-16614
